,0,1,2,3,4,5,6,7,8,9,10,11
-1971.778086_2745.402956,0.00010913098106974681,0.0002000255349571686,0.10338115883889122,0.08903025883850148,0.00011542260244616534,0.12274577761188968,0.00028978669677939703,0.28549254488649395,0.006586948907385709,0.021210424295216336,0.06754314986339462,0.30329537094297454
-1971.778086_2845.402956,0.0001402227775574493,0.00983329027600595,0.08908729459254487,0.16597864227489176,0.014687396467981851,0.021338531837892475,0.01467582654047796,0.24604956954243648,0.00010730716267288559,0.09052683809450499,0.15740273517676182,0.19017234525627136
-1971.778086_2945.402956,0.07348284694898775,0.0021853996463138048,0.33935448540024304,0.18690521185264516,0.028944966843865137,0.10667735762262236,0.012962568643208067,0.0036032811194607033,7.579998766063414e-05,0.0726451114922795,0.031398193046195025,0.14176477739651888
-1971.778086_3045.402956,0.08344591371093805,0.002719092338038587,3.968936073462282e-05,0.008098149774649286,0.0023958942144068464,4.164321212318849e-05,0.00357694576142326,0.07604447279430593,5.058571991409145e-05,0.09566450337704642,0.1883351277387608,0.539587981997659
-1971.778086_3145.402956,0.0006773716537708687,0.0050968846659144775,5.421851881793155e-05,0.0758158517971183,0.0015928615269789727,5.67037595885408e-05,0.0707327107885588,0.00028887465945557803,5.2838961575213807e-05,0.5467246097731128,0.13358806778251817,0.16531900611259037
-1971.778086_3245.402956,0.17817489848219206,0.03411814198620333,0.013889486029252763,0.07234805395702927,0.0007352400545402949,0.14320965630807156,0.010047344405694037,0.09502629521482979,3.813794133937957e-05,0.07095724906308638,0.06457378548945547,0.31688171106830576
-1971.778086_3345.402956,0.3571337332633858,0.029853280934219528,8.69044594700548e-05,0.14039093331984753,0.043872842103357824,0.007645553962906277,0.003588717311624273,0.016321506791846737,6.995753662450934e-05,0.00010086105138969279,0.15735847061457517,0.2435772386507526
-1971.778086_3445.402956,0.5590464654855642,0.031307699450817295,0.00831999427316067,0.016785533164280473,0.009038413298888614,0.04894682006495037,8.08293305196881e-05,0.09054837934562912,0.000961522382608017,3.391254562943108e-05,0.09851708117779587,0.13641334948015602
-1971.778086_3545.402956,0.26895812270749114,0.00727160130932348,0.11798785987230666,0.14584112546997796,0.08550341567568619,0.007230132797842317,0.010433175696636888,0.09120884122771715,6.832730439389678e-05,0.009105564659582066,0.12570508282983553,0.1306867504492069
-1971.778086_3645.402956,0.3433130612866174,0.024208408106971186,0.05468868197045596,0.08480850128135536,0.14423550255994141,0.014747481911148426,0.014541288482827458,0.14012311583941384,6.778970940089516e-05,0.06809763438118022,0.007362283878218868,0.10380625059246891
-1971.778086_3745.402956,0.42076728629026267,0.018174740973407825,0.11042797899220717,0.004114433902807227,0.1998832636987736,0.004968656156288846,6.949784000825537e-05,0.19294243474958866,0.00010689327901662222,6.824047364457264e-05,0.023824925103417632,0.024651648540576904
-1971.778086_3845.402956,0.18178449107869948,0.04961949658355983,0.02654079725634743,0.3649125671331775,0.04719568079827142,0.12741137037493755,6.539953822143076e-05,0.12979259034801457,5.808291624648572e-05,0.0020873669987596043,0.04098261815958829,0.029549538814176445
-1971.778086_3945.402956,0.3088597899584986,0.04277430502719973,0.0245527645066998,0.002050592410081571,0.08947280041336887,0.06459915152153738,0.010019591763604061,0.3329725495033595,6.463267585779052e-05,0.052762165905008054,0.0029938733797980357,0.06887778293498668
-1971.778086_4045.402956,0.02846370691027169,0.02044711241547597,0.09474124020977884,0.21931130093340867,0.06679928921145484,0.04054906376015323,0.0144155411396946,0.454948839695096,0.0007937900040036604,0.017731032049916558,0.04121598559627937,0.0005830980744666135
-1971.778086_4145.402956,0.03500094810003481,0.02127553428151559,0.0692998413486246,0.3108096617255152,0.0014036521751756674,0.0902682404062628,0.013727474168540928,0.1826265837126122,8.550441078081065e-05,0.05755881199008952,0.16339754619902389,0.05454620148182389
-1971.778086_4245.402956,0.03938685508992069,0.008119345481135215,0.05705099743300683,0.07239118124402676,0.06737808662108463,0.024073315243843135,6.12671237049863e-05,0.42656630306679144,0.002537996997797702,0.2032420788429914,5.0563788895986e-05,0.09914200906680137
-2071.778086_2745.402956,0.09230323525966429,0.018699499253586205,0.047115958327403125,0.12403997407252262,0.017565448631765023,0.15385322333237278,0.004664280409205918,0.20297642602044952,9.328568205252584e-05,0.06901275965267499,0.017209725319120364,0.25246618403918275
-2071.778086_2845.402956,0.14551065230601737,0.017260081580785663,0.06543204117845007,0.2371878832852675,0.018829496898002195,0.17512132563581087,0.03946790375089605,0.0777240775929849,0.0015879893930660829,0.06482459412095974,0.11625019490115462,0.04080375935660516
-2071.778086_2945.402956,0.22181025402853313,0.004614738349435392,0.11030670724282418,0.30204928527760244,0.003129121629288828,0.05551888153368349,0.015935968938311115,0.005736851346902811,0.0027192166202957314,0.017327449481860917,0.10769990511324,0.15315162043802202
-2071.778086_3045.402956,0.18549101816177863,0.03810482566809172,0.020433412481376343,0.11632825072799302,0.02149982084116319,0.050692825275664904,0.011112576929899039,0.09648492848060601,0.01945328943067671,0.10031839536901571,0.010402085506902942,0.32967857112683174
-2071.778086_3145.402956,0.13756573232377334,0.0011605999472582978,0.04991119849369495,0.27992740634448304,0.10194460875391884,0.08418278311782446,0.004319332931860795,0.04482132118911205,5.8983806407902125e-05,0.06177967577913588,0.17457256080431893,0.05975579650821162
-2071.778086_3245.402956,0.2702024620439438,0.03371821198847266,0.174652921316747,0.02804968938266541,0.05357722675503011,0.00027824546453713,0.01570396212703643,0.02048522634502118,6.802895736311265e-05,0.0245590649164488,0.09733892141899023,0.2813660392837442
-2071.778086_3345.402956,0.28360802445548094,0.03930466175168682,0.2738560189477166,0.10644729355164541,0.016657236774106014,0.00024715470415282917,0.06680591197545903,0.017520548109222395,9.685371168134404e-05,0.08696839392313346,0.0068590079495564876,0.10162889414615858
-2071.778086_3445.402956,0.4114597750850241,0.008468347976009554,0.20316210144842353,0.002270684240748731,0.06676931455541818,8.758385682389374e-05,0.0052302362346464525,0.1333862808925291,6.955104875418813e-05,0.0009710096788085638,0.016859895295708516,0.15126521968710518
-2071.778086_3545.402956,0.4148818804998921,0.043169334128172726,0.00027498989528565454,0.03272056926957493,0.2818619887805137,4.720870957913677e-05,4.106176261159686e-05,0.10935429757500365,0.00128064881863855,0.0005485198712937516,0.05398865804908821,0.06183084264034606
-2071.778086_3645.402956,0.21598141463675713,0.003727528832072138,0.04307013573422107,0.20125633436746274,0.13927831623143133,0.030336762510132637,0.008225471886945904,0.0815882147773801,0.0005778277114915902,0.11464650246426024,0.03451461337088317,0.1267968774769619
-2071.778086_3745.402956,0.2564569685498726,0.0012821898936792675,0.006142688356506712,0.22690657917000004,0.1390837762943327,0.009408742170146426,0.00026647551322644817,0.063754918043273,0.003715533946882775,0.19352238876567301,0.045352369579336416,0.05410736971707064
-2071.778086_3845.402956,0.17612567386403835,0.000259135962374195,0.011773807904830536,0.18583761265668425,0.19752814820815232,0.07070938419317101,0.011380969583516606,0.17769948831437263,8.894579209451164e-05,0.024452376139920993,9.970855301901116e-05,0.1440447488278257
-2071.778086_3945.402956,0.29755149956940063,0.002645012826834359,0.05791080369703158,0.13191383922554464,0.05973235774972382,0.050892954414622035,0.010895030777753088,0.33792096567668,0.0014724783584061751,0.030345172740686818,0.003182437499298075,0.015537447464018785
-2071.778086_4045.402956,0.009093336688196512,0.012179394062279917,0.11932864329670767,0.15272123983631822,0.07093998607887415,0.10600833657579585,0.013475002208305397,0.37596243177712124,4.886644326133924e-05,0.019487925868907973,0.03397934230924636,0.08677549485498537
-2071.778086_4145.402956,0.07142438383987165,0.026171504314346714,7.241393480212475e-05,0.2108006585076993,0.04994876535526889,0.18066943236349892,0.00010320936548980173,0.3388232307991226,0.0023450617386843588,0.0028476255158256026,0.0014594230961671698,0.11533429116922275
-2071.778086_4245.402956,0.17894965061044646,0.01224147987670319,0.11244413953269622,0.20398541484850743,0.05896841463305618,0.027039030541201443,3.160426110486485e-05,0.3318736419243085,5.808261174977345e-05,3.323853485772451e-05,0.00392047307970997,0.07045482954565833
-2171.778086_2745.402956,0.14502553668541765,0.03593867693224208,0.21281201258140325,0.11869568002555082,0.0032977262631731855,0.17065219324848252,0.0006769352097454133,0.024369040613175488,0.00015376983878598842,0.07298264661417787,0.13194254922820986,0.08345323275963581
-2171.778086_2845.402956,0.19549200767555514,0.013394136097338647,0.07407397119294452,0.2377620596293418,0.02377415576873408,0.055150108355376655,0.013842036951509975,0.027305469110355318,0.0037506998284141564,0.23388455144742432,0.011558305474989532,0.110012498468016
-2171.778086_2945.402956,0.27992136194336625,0.028441551548554475,0.008191675346395005,0.22978465561286654,0.011929743522881274,0.06560897722610676,0.00014736246713448417,0.01366466802617494,0.00011624477354707017,0.0545975781711722,0.09144081984392935,0.21615536151787146
-2171.778086_3045.402956,0.11175020205628232,0.03742984801555181,0.08207829684316943,0.1239028340093883,0.0022912747632627254,0.1627165867571835,0.0007961172570753318,0.005572935875934759,0.020714392043033613,0.08732282237301255,0.00010775050316290505,0.36531693950294286
-2171.778086_3145.402956,0.1871488371326042,0.019052957596884128,0.040496569674700986,0.15410019949796033,0.05135293947927318,0.13355688369305538,0.017610109399379854,0.02974194438126327,0.00011861968745579205,0.04086652676479075,0.05338399853182623,0.27257041416080574
-2171.778086_3245.402956,0.22341075515312464,0.037000589206872665,0.15028033846256234,0.16347246424747822,0.03631004333800064,0.04428456363959562,0.03526584496270644,0.016569225482328566,0.0011609380106692728,0.11502223270640763,0.10073589606004359,0.07648710873021043
-2171.778086_3345.402956,0.20541540960427548,0.000418851261347565,0.056723432971936216,0.02440297074945543,0.17438864408740543,0.048291718328113555,0.026951034039921783,0.08921908697668013,7.662624924817687e-05,0.06114406893016905,0.056917671572644046,0.256050485228803
-2171.778086_3445.402956,0.28322985780142096,0.009363974908744185,0.06628151490972296,0.22523069909694673,0.19870542406161565,0.0165523721814947,0.004686651881897333,0.1497058334944295,0.0017814703730335928,0.019398910859228662,0.00043687515743589026,0.02462641527402955
-2171.778086_3545.402956,0.38554341583423274,0.01791722796238763,0.04106683215261273,0.06915939655092244,0.15149992419525182,0.05174461258506078,4.3360145074628436e-05,0.19441652047203797,0.0032820676246221457,0.06215499424557689,0.004004259571704398,0.01916738866051581
-2171.778086_3645.402956,0.37203182906713306,0.030228634315420472,0.04882748023090653,0.04882188631591613,0.28432192753543495,0.02593745306769601,3.501952813094951e-05,0.1360572011112994,5.8445233411129475e-05,4.07331540417505e-05,0.008996880125154922,0.04464251031545489
-2171.778086_3745.402956,0.33889057140174966,0.005453775305775012,0.12684664301100063,0.05890556648441752,0.21481221374474294,0.004135189670247348,0.010601682870620651,0.10797249375920814,0.002401861688694034,0.007044831542992019,0.10401034221263243,0.01892482830791964
-2171.778086_3845.402956,0.24487449651772553,0.0003691506880199801,0.13166676226358984,0.21132066138477942,0.11924590301120065,0.046731042484239566,0.013818569045122088,0.07429153222532606,0.0007893345621525452,0.05615317948378486,0.011517714472369855,0.08922165386168965
-2171.778086_3945.402956,0.2740970417730548,0.04856542944352728,0.05440319037244551,0.1202739907872538,0.045353550860218805,0.0383178557176847,0.00872277757262087,0.2338063090145137,0.0024703984453478115,0.07665345801353181,0.07572720859749944,0.021608789402301525
-2171.778086_4045.402956,0.14902265609658705,0.05086511286566762,0.13464760361538144,0.1336310779097964,0.006423125059241339,0.010650398798976234,0.00048509803104247994,0.389127220153196,0.00010643809378289363,0.00011035563607992221,0.10244770890910569,0.0224832048311428
-2171.778086_4145.402956,0.03552583829849356,0.012764399689143212,0.10212139255471828,0.0036228792882769434,0.016463182118199665,0.2540129025439858,0.008622001296092575,0.13387878572520273,7.813297659296317e-05,0.15860656885961813,0.1377001415088952,0.13660377514078093
-2171.778086_4245.402956,0.032990037636706514,0.004175400019290788,0.02592470718393354,0.25334755829889477,0.05042860545465013,0.25670030746748257,2.2573378821127278e-05,0.05697626228235717,4.189691577120676e-05,2.3744729104643876e-05,0.0910415438459866,0.2283273627870009
-2271.778086_2745.402956,0.08882592758181335,0.023767197874572658,0.29371137669250247,0.17253266420682162,0.004363087359822808,0.21898462543409414,0.000924637743085812,0.020131973383608302,0.00040217816212511433,0.00029648895709180725,0.15527468910736678,0.02078515349709496
-2271.778086_2845.402956,0.26729050546102023,0.020131416226052506,0.10940355223576709,0.2687131727013063,0.0336516079071314,0.027622639207896038,0.020823619401358785,0.09541032597568914,0.0028444139035262027,0.06194197554619927,0.03525120093912126,0.05691557049493167
-2271.778086_2945.402956,0.26732358874177997,0.010579933313638096,0.1444524844586699,0.26419540663406743,0.03642418375575111,0.0003091858042968055,0.020818603635130828,0.07863910478816262,0.0001285155457067054,0.04705792493541477,0.04868977860922971,0.08138128977815216
-2271.778086_3045.402956,0.4869569426086853,0.01751154491492157,5.481205081097668e-05,0.048986128875755874,0.09616715355832414,0.037977497309961,5.150742104165053e-05,0.19611919301542716,7.189010188186737e-05,0.0001163848858080877,0.03466798771363625,0.08131895754374627
-2271.778086_3145.402956,0.30625983122833045,0.02423716022103829,0.022613276071698035,0.15887568904809693,0.1592424877376053,0.0464243334453167,5.064533763694819e-05,0.14683428396082593,0.009697183295079782,0.08339043441489635,0.024697394074673848,0.017677281164801335
-2271.778086_3245.402956,0.26413656670120733,6.642470394283009e-05,0.022556011888378944,0.0971988115696376,0.23051355040118196,0.08313814228817701,0.014359002231171595,0.18715502655573646,0.0007867113051684698,0.03436898576283495,0.04207294745311081,0.023647819139452183
-2271.778086_3345.402956,0.36207562145128785,8.475075585468078e-05,0.010132989713143973,0.037335302019600676,0.3501246285633984,9.210304726560832e-05,0.0003156125511413479,0.11781627672083683,0.002092477208674489,0.0675001243621115,0.0022989856105126013,0.05013112799617215
-2271.778086_3445.402956,0.2934055025035824,5.505476150591666e-05,0.04475508889687891,0.07350572531604907,0.19713109795267791,0.012482355372010435,0.007217479311160905,0.2239595935844462,5.664452152190182e-05,0.04827233921962032,0.08485117574668738,0.01430794281385883
-2271.778086_3545.402956,0.2893326667019828,0.0201331965710826,0.009979681729266292,0.037863728419227735,0.27490926340656874,9.127811700659822e-05,0.0020843751476836625,0.19175241067879073,6.664713048147601e-05,5.183025668195043e-05,0.008716588480032476,0.16501833336119462
-2271.778086_3645.402956,0.25309377808694256,0.018791007273018967,0.05074131442723474,0.23929865592257363,0.09615700282119358,0.07378273505103235,0.02968151364719951,0.0569066252679367,6.017860162598708e-05,0.04371352231897706,0.11655353873859009,0.021220127843674618
-2271.778086_3745.402956,0.18333754699607846,0.012224922569000292,0.08704709527589927,0.003268303017140638,0.381139255450203,0.00036392261338353724,0.009598996808228535,0.06519041424994058,7.766272983146472e-05,0.12043815548700504,0.08829415906083055,0.049019565742458415
-2271.778086_3845.402956,0.27995220074722676,0.03560281199074524,0.02094317157707512,0.0001090561229960643,0.10959304113874273,0.0018051099103523881,0.014498739341608701,0.20504341888056213,9.233402013743564e-05,0.13615035843049847,0.014858603712394242,0.18135115412766092
-2271.778086_3945.402956,0.20983755986126776,0.022120299930170242,0.05783146663588118,0.21557133853296362,0.14132891326706967,0.05135085223727839,0.0001464950756050966,0.09354290883374676,0.0019524673496049106,0.017239999989070866,0.05220031756370489,0.13687738072363656
-2271.778086_4045.402956,0.3868287940640591,0.07033887336009181,0.04524207448713304,0.133337187733343,0.00032395223969601723,0.10257234544775054,0.006023071859066688,0.11112744810770216,6.930926887089881e-05,0.04168609309692589,0.00437508597025534,0.09807576436510537
-2271.778086_4145.402956,8.865171736638137e-05,0.016641420095975107,0.10524354623109514,0.2649119320628251,0.00011185834281767964,0.4226865856196418,9.118596833162451e-05,0.00011620088765330832,0.000711155715531779,0.0005811829772681353,0.17628989460500202,0.012526385776492002
-2271.778086_4245.402956,5.4750204739696804e-05,0.017559129355233877,0.00012157657797399584,0.07661280903397094,5.9013799295651014e-05,0.2658323459188944,0.01502392938618167,8.238871367665292e-05,4.5800450211723644e-05,0.11107818533131258,0.3845871409542078,0.12894293027430107
-2371.778086_2745.402956,0.48237445014928515,0.025535309961563106,0.1728099181209531,0.002610211318245344,0.033536938736617644,0.0469759205356921,0.017491998556080274,0.10095868005622942,0.002384288669483649,0.04395618773243582,0.003233883277828892,0.06813221288558557
-2371.778086_2845.402956,0.34304456495143704,0.013923920314174798,0.04782085278195679,0.20362975641529257,0.015314126600394353,7.278787251553399e-05,0.056278451202008827,0.026192709623993893,0.008436067554005283,0.22206344498406402,0.022495976040169202,0.040727341659987634
-2371.778086_2945.402956,0.30468493083803533,0.01547006067331277,0.07399121806733591,0.38997738043386193,0.052028045222724126,0.06854348108113681,0.002801550899286207,0.06615513830915772,7.001407886832028e-05,0.015080865213949746,0.004485899858360675,0.006711415323970371
-2371.778086_3045.402956,0.40221549462145206,0.012952571054460533,4.722725707308469e-05,0.08035406124124335,0.22451769470302496,0.03413811658192599,0.016718843139592685,0.19222867980429847,3.177509286718253e-05,0.00797220073969165,0.011648640795514267,0.01717469496885586
-2371.778086_3145.402956,0.2867995217309809,0.018586742092045597,0.06786117732872016,0.051628763838506814,0.30497918220400305,0.06735777782334804,5.8164029497645856e-05,0.09252057265613799,0.0018950122166177176,3.5292680527346694e-05,6.219585997240169e-05,0.10821559753964227
-2371.778086_3245.402956,0.30486117560708537,0.014150045931267946,0.09217900182549084,0.24021318055383606,0.25081805154696146,0.0032196964837166706,0.0016648152645302454,0.06233047105357212,0.0010277202902346733,0.014939573870097872,0.0006517379752712796,0.013944529597935502
-2371.778086_3345.402956,0.09665177709317707,0.017123088182237123,0.053207848608104166,0.2613318147284082,0.4704767852950906,7.795942866613256e-05,0.027360525785387987,0.0041931924245075065,5.513229901948189e-05,0.03891929276485101,0.02924514829659751,0.0013574350939529278
-2371.778086_3445.402956,0.15819075408645436,0.05162365277427956,0.07595991948231735,0.11960595701032631,0.2496488467753199,0.04179142685483577,0.0014403806021535967,0.21262547711739196,5.820795350623429e-05,0.013591603431006998,0.07010377633456881,0.005359997577839142
-2371.778086_3545.402956,0.17340873291465753,0.02181146676077771,0.05784389092525221,0.25017578926341544,0.2536931273382843,9.483601943705164e-05,0.009040307686822725,0.17488967380032605,5.14518011193965e-05,0.03692003408945485,0.002807603268518013,0.019263086131934535
-2371.778086_3645.402956,0.2746706523611682,0.04030902198756013,0.09797771583908302,0.0013591419339658668,0.16921550086745893,0.055905129236933984,0.00020342026270643264,0.15970755743708878,0.0008889311175276442,0.013052761761238308,0.047426937889155016,0.1392832293061137
-2371.778086_3745.402956,0.274533614396585,0.07340475534477081,0.00938466910954773,0.07307695269346184,0.11628048303631723,0.08424193501772682,0.0023357048965785,0.1059548100640978,0.0012812710039678597,0.014163975196702613,0.06314844135431008,0.18219338788593364
-2371.778086_3845.402956,0.33873586503022146,0.027048990948575956,0.008989547032870958,0.16506387640656509,0.08671470971580776,0.07911803226517089,0.012305337255719513,0.09088878732993429,0.006836639608479034,0.03283671597705634,0.021579275990359043,0.12988222243923958
-2371.778086_3945.402956,0.3994702117825768,0.02632824462837913,0.04027547248149849,0.07151908221392052,0.13453021024602252,0.00017681292868406296,0.007031871953085028,0.17936251449863638,0.001996307209937442,0.021093621204889924,0.016868986335789878,0.10134666451658005
-2371.778086_4045.402956,0.19980343139845527,0.011824003866465533,0.16617422903975418,0.12896750872851648,0.052822683636018726,0.06629611215788937,0.0001383467286786022,0.20422443563641238,0.001164739210111255,0.020529854753373437,0.10102890472689849,0.04702575011742636
-2371.778086_4145.402956,0.004196884858941087,0.014512546897769601,0.15066878800572733,0.07539447100303084,0.011141236243964254,0.11186702292177515,0.00013276161461128386,0.11200332160390089,0.001909694227921771,0.096613095493683,0.2934065101606514,0.1281536669680234
-2371.778086_4245.402956,4.278293680193978e-05,7.240202060288492e-05,3.849360834384015e-05,0.056061260664930314,0.002104586394833907,0.195635764254884,0.009742557425979612,6.459646701491924e-05,7.112020251855966e-05,0.026719856486315897,0.5998742148896109,0.10957236464816329
-2471.778086_2745.402956,0.3756256320963038,0.055949573530192614,0.004469850879098409,0.015691714264994657,0.032421522364364797,0.04005983320138711,0.19850929513659066,0.19737999021396668,0.0005050657620878799,0.025407852191313193,0.0006395179954254308,0.05334015236427492
-2471.778086_2845.402956,0.3727656916322795,0.04190096391350459,0.020049164177734353,0.3314612422065138,0.02459719778688806,0.05611225269500752,0.0461416668883602,0.03782629616323426,6.540750933871491e-05,0.06881892503783164,5.767810612613214e-05,0.00020351388318115684
-2471.778086_2945.402956,0.5013750948595871,0.04273084511782853,0.0489800674599689,0.05570449584321096,0.16926584018488045,0.029333471585503486,0.0040887143031506715,0.10176125136763835,0.00019843412999539172,0.0018907721774574847,0.018569350118761745,0.02610166285201697
-2471.778086_3045.402956,0.3429205316882417,0.06048180809067697,0.003384177829443776,0.06565946419567732,0.2591309385894509,0.037136823862094936,0.044301739909762265,0.014435951622764658,2.5538139775486567e-05,0.09389973426201534,0.053134554196995226,0.025488737613101477
-2471.778086_3145.402956,0.11247100952918286,0.0014534810910988975,0.08178874234089907,0.15455172482760812,0.5346100920303273,0.06125493557128176,0.002552260419841491,0.034381604023058024,3.755495431962622e-05,0.0010859078178367214,0.001189792787662835,0.014622894606883308
-2471.778086_3245.402956,0.0428482744429371,0.003870337058774662,0.09021510998247351,0.25435281918212876,0.5790365256841663,0.020990810486530554,0.0028469279318153666,0.0001351078811750963,2.512821632103743e-05,0.0014843967197953772,0.004151864465169057,4.269794871315624e-05
-2471.778086_3345.402956,0.06581820683985265,0.00836070096973441,0.06130867570758662,0.1373894490816062,0.43567996693775324,0.052201820321475544,0.002865638490600076,0.1626406508997006,4.542651698539751e-05,3.495632696389424e-05,0.0060711628821127515,0.06758334502562857
-2471.778086_3445.402956,0.14275813953542613,0.017664654978889603,0.02640524508218642,0.1683213854774621,0.19506290951722216,4.8658439055357765e-05,0.014942339413303026,0.13222009308789284,4.929245550179586e-05,0.09830204879000051,0.023214042721996158,0.18101119050106407
-2471.778086_3545.402956,0.19097071692154274,0.05071283373238149,0.039310509336866695,0.162644806540018,0.14780317407342192,8.257758220514593e-05,0.007821880707390047,0.24263434943220877,0.0009294247053933579,0.02576888573056284,0.002491020474552012,0.1288298207634569
-2471.778086_3645.402956,0.20524830745853792,0.017672769543828477,0.11011434392535056,0.025154815780168573,0.127033374888867,0.010447492963886796,0.01939561771145128,0.13990813662003668,6.332537944466625e-05,0.09717192352341984,0.03715021330287941,0.21063967890212892
-2471.778086_3745.402956,0.2935655441924274,0.006142761912750042,0.08283985845432874,0.1344601828499802,0.1339703983874036,0.00011732983359116504,0.006753318696699265,0.21901819387682567,7.799874506752996e-05,0.0015899355627561817,0.025967211947078305,0.09549726554109171
-2471.778086_3845.402956,0.27306775164584773,0.0051830734228866665,0.07302402071059427,0.01167429905799028,0.14799541470567007,0.028010709032884818,0.017327542137468198,0.16417732148215808,0.032280319132186756,0.0985945858854943,0.001757559643775703,0.14690740314304307
-2471.778086_3945.402956,0.278172194593242,0.02082833711529,0.18858129610167065,6.20354830225885e-05,0.1797894126401589,0.09092084088701176,5.3993072500051396e-05,0.08947814752358928,0.0008983040479481473,0.011579264844563819,0.046762456710304476,0.09287371698069832
-2471.778086_4045.402956,0.0396076221195972,0.014969883355843419,0.28831255867638683,0.00011911563231488349,0.0007783289724897256,0.046787071366853096,0.03008306977936338,0.04091271488991923,0.009275581229961498,0.40873869504457366,0.04059797674999151,0.07981738218270573
-2471.778086_4145.402956,0.11223735379012521,0.00038516118673951553,0.10078662381719446,0.008789963523904223,0.07385123019801111,0.027935526966030803,0.00010762647716572177,0.22077418953024572,0.011892872052514082,0.30823831222664144,0.13275761186564758,0.002243528365780235
-2471.778086_4245.402956,0.010196074291362869,0.026911524154291308,0.15949018887314714,0.07598155188763718,0.013783201998184587,0.14740725309873715,0.018064766176634453,0.015054017768151537,0.0001445739013464972,0.08165949658721343,0.41622488270467967,0.03508246855861427
-2571.778086_2745.402956,0.7632971404987778,0.000988074733663827,0.0002809457277190751,0.00031372997716104176,0.06390003728285114,0.0006083439065761076,0.0016422572118389533,0.10514392781329353,0.002563668620411689,0.00030180678767026495,0.009271612101416879,0.051688455338619606
-2571.778086_2845.402956,0.5088690212830573,0.05404676542449705,0.004909121330383135,0.001232600007782738,0.11670181883342261,0.08377342511167121,0.03142645580897406,0.07488714152903309,4.6532737908204756e-05,0.05497766891115156,0.03777439414116567,0.03135505488095329
-2571.778086_2945.402956,0.2876431443071931,0.03276662907570468,6.530097183738521e-05,0.15000021843980296,0.3870870476838891,0.003007212527381367,0.010055755655720366,0.02780701100517312,0.013947434468090554,0.06747520272124634,0.019999745798144588,0.00014529734581653599
-2571.778086_3045.402956,0.2496739281996209,0.06034729192614956,0.016371178076629828,0.09326365838722686,0.5101970345038898,0.008935755525340662,0.0025908992297360577,0.010130872705467446,2.622495602252728e-05,0.04018545971535124,0.004838781706295254,0.003438915068270124
-2571.778086_3145.402956,0.055509734290408105,0.017456061081154318,7.234085983130902e-05,0.1917735747728339,0.5595104514208584,3.831014416377249e-05,0.018900360479423242,0.0789731056683641,2.8275972794819416e-05,0.039997493314524346,0.034475383122688094,0.0032649088729554136
-2571.778086_3245.402956,0.17099660046218274,0.0006981954411296353,0.01568866820889384,0.06592017792355537,0.5790051663808414,0.07033672069820719,0.0057829964249940646,0.033389030312748855,2.2128684786210855e-05,4.226449498177523e-05,0.002606388624894666,0.05551166234278396
-2571.778086_3345.402956,0.19778091938745196,0.030126273245771766,0.031172901329093252,0.1056039865988493,0.4270318963323438,0.023421211957147713,0.02566480720149592,0.06455893277242733,5.886014087401625e-05,0.07112008438398698,0.0027918065689756977,0.020668320081582054
-2571.778086_3445.402956,0.09691359664263825,0.014325333402867598,0.05226517687731866,0.1308024574864039,0.2816724546753159,0.004251525355289821,0.02733488137254967,0.15223426691400901,0.002321337560130947,0.1348165350649761,0.033454624197771475,0.06960781045072874
-2571.778086_3545.402956,0.3469065618006587,0.07891181173654213,0.05777015331229771,0.1598825155427375,0.05375193689847838,0.011390529379860726,9.287955310212202e-05,0.20164418287506317,0.001220713228687579,0.052858198853097026,0.00909049893550436,0.026480017883970527
-2571.778086_3645.402956,0.25070801190704234,0.04648649295678618,0.049967946184932006,0.0705312994757069,0.08764142427843441,0.029769441672016096,0.004829990256544503,0.18228503825060055,6.084222222919232e-05,0.10193952682392067,0.007704935685519248,0.16807505028626787
-2571.778086_3745.402956,0.3070896859445792,0.0009436251881856437,0.056475732057355225,0.05739388903056341,0.13395147988061143,0.11152736944426851,0.00014625300096678522,0.0877099717245326,0.0008800563570228184,0.10716401450161715,0.011340108052476375,0.12537781481782084
-2571.778086_3845.402956,0.29658333721636193,0.04312740181179669,0.0560169597800183,0.07050234847955263,0.09866292090890669,0.05954756555333679,0.029452587938390562,0.2142080057680887,7.685083654536427e-05,0.024360748128868633,6.735842381511614e-05,0.10739391515431874
-2571.778086_3945.402956,0.25190935760460026,0.019987623338616183,0.04217073891578578,9.497449892358227e-05,0.10055268018603322,0.09686477766356692,8.17327485985146e-05,0.15534681144348603,0.025526418667454226,0.21054366715723613,0.0028033341652565313,0.09411788361044261
-2571.778086_4045.402956,5.8433771799723816e-05,0.002843543642865092,0.10677395840718724,5.248993182798131e-05,4.96789552238521e-05,0.21898195096777479,0.0015616530177834053,6.674535932903464e-05,6.295615103340522e-05,4.5865775345212976e-05,0.6271687791959661,0.04233394482386416
-2571.778086_4145.402956,0.038381958951158014,0.1339303959061568,0.06612264374803395,7.047243698737142e-05,0.05207374241359176,0.005977075272974044,0.022591956644410473,0.1718528606757361,0.00012746247425732718,0.04958704756036871,0.35647990028893967,0.1028044836273858
-2571.778086_4245.402956,0.04335766019073934,0.05024818291165453,0.00021717819468677175,0.3315110494353637,0.024315685539546415,0.00024532700346907213,0.011143159788676141,0.1451939949803642,0.0007503636155462486,9.860811724309879e-05,0.38489765852782737,0.00802113169488318
-2671.778086_2745.402956,0.3354490483011183,0.14798471046376557,0.062126913248530174,0.06889818415337927,0.05251965621103832,0.12151818088766281,0.06878356794834624,0.11838640260269494,0.00019883986784723727,0.00020508899146646923,0.02358448356726961,0.00034492375688100515
-2671.778086_2845.402956,0.13833875231850493,0.5210029184407259,3.356873644551918e-05,0.13087538120079442,0.03887844471125046,0.05177294454942669,0.020705373298894204,0.008458674717943678,4.743986142455051e-05,0.019281941308631655,0.07057364928121063,3.0911574747403285e-05
-2671.778086_2945.402956,0.05212396906904304,0.7067617130385209,3.830221726049507e-05,0.055020805025661264,0.0396996251051037,2.6685099922505887e-05,0.03400587902328393,3.5650787723029864e-05,5.4899891737856365e-05,0.03550310432928075,0.07669940593823422,2.9960474228158032e-05
-2671.778086_3045.402956,0.014299582491302431,0.5089632975655451,0.012619538918451521,0.07445925141315218,0.30690041220513165,0.00025919030194940495,0.002088817534745345,0.0009513336972309744,0.002762207987751543,0.05979053177653548,0.006865897727243853,0.010039938380960614
-2671.778086_3145.402956,6.748470111468769e-05,0.7193208475067927,0.07237993513600903,0.00013653004215121548,0.14919774518718287,0.029932266085146444,0.00838867877407461,6.640976276534602e-05,3.763184892222406e-05,0.007064229906695465,0.005452060216835918,0.007956180832309354
-2671.778086_3245.402956,0.005878838907468533,0.3669345586760555,0.1577022762063326,0.048124611159357726,0.11038786177764773,0.08234900931793898,0.02523048818873193,0.03733334914032874,0.14117636295451516,0.00996020851013303,0.002297083107211213,0.012625352054278886
-2671.778086_3345.402956,0.021276312256095727,0.5752633051391851,0.006611286332257938,0.057647767883470404,0.22878776217243196,7.351730358351744e-05,0.010369194681781047,0.060330678357766614,0.00311711229593209,0.000674480373316758,0.013836211726616688,0.022012371477562177
-2671.778086_3445.402956,0.0819551903174806,0.49116751296704264,3.955783980110149e-05,0.07791032162766592,0.18378791663507368,0.02173707158065398,0.008471529071518767,0.07809540813213527,2.9081157066885626e-05,0.008867190862376336,0.03376050580255282,0.014178714006632146
-2671.778086_3545.402956,0.08893522246239616,0.4941169120654431,0.0019614478438485855,0.12058532685646885,0.16735715836683582,0.0020738902125120562,0.01013341762536335,0.07625585718782735,4.5395886165000336e-05,7.891648346882713e-05,0.007609374015520855,0.030847080994150042
-2671.778086_3645.402956,0.21239118715964012,0.4631356695527008,0.10242105514559398,0.01600992021174181,0.039910152021997734,6.597899779637201e-05,0.011281898507656997,0.07534907479468417,0.00037630366713065105,0.03450478549864573,0.004851539055399096,0.039702435387012465
-2671.778086_3745.402956,0.1391681730937266,0.43847971515905976,0.03183454530722855,0.019200818240526864,0.15922716723589644,0.0059051269974862534,0.0011065141618722774,0.09566913570163892,0.0019707406507928084,0.02456627314261901,0.012954383692509872,0.06991740661664265
-2671.778086_3845.402956,0.14339485062881008,0.5008615040998258,0.011717074095973713,0.14917325390581693,0.03420190648304054,0.00010689490162264893,0.017364303125449124,0.028105136095036183,0.005637700282904466,0.0710789867797827,0.0062491098416490734,0.03210927976008876
-2671.778086_3945.402956,0.008901002032131695,0.25242228354141655,0.15016242913140812,0.08810999641540836,0.06743160821243747,0.03564745128407368,0.02482394620721491,0.00636295501141889,0.004623019770623141,0.05333431909824867,0.23400755363588824,0.07417343565973027
-2671.778086_4045.402956,3.505508124687649e-05,0.022605785734927105,0.21578913500330874,5.09896534734982e-05,3.826395089236428e-05,0.003841748175721015,4.120571184222156e-05,3.521973921399919e-05,5.22844832228269e-05,4.4674198960670855e-05,0.757433165296254,3.247297093663562e-05
-2671.778086_4145.402956,3.260033418020083e-05,0.19296490953784318,5.4901020793136894e-05,4.776998679090418e-05,3.555634941642058e-05,0.045358590088486805,3.8248208816637705e-05,0.003437108396745017,0.0013350944234440379,4.1532818652158834e-05,0.7566234997285922,3.018910623926993e-05
-2671.778086_4245.402956,5.232359006003688e-05,0.8279938683466471,0.012013699307248157,5.2725248968295295e-05,5.3571686146801424e-05,0.13555934172801037,0.0052867771363014375,5.2544419006621145e-05,0.008292755240582976,6.685975153634958e-05,0.010524205409292452,5.132813619960216e-05
-2771.778086_2745.402956,0.3855558175546473,0.24966050820645563,7.548307777597607e-05,0.18171083008007166,0.09397240560959252,0.021553668642762515,0.033608585103777906,0.0005063722155174486,0.0038843582216810633,0.012204902505198447,0.010303785093896354,0.0069632836886231704
-2771.778086_2845.402956,0.15530510561477934,0.6766115822008485,4.257820830543851e-05,0.10308426331051801,0.001961350749379646,4.105088928204221e-05,0.028100442421679483,6.290597734810128e-05,0.0022541081337678816,0.009542277297985334,0.022922933553572392,7.140164253373266e-05
-2771.778086_2945.402956,0.06440259179415792,0.7805864718483887,0.0010689833188064742,0.028401933788419507,0.0014426703903408827,0.015945976344303482,0.08249304627996093,0.000945795327139199,0.00254938699749217,0.012940271356143621,0.009202553390165407,2.031916468175456e-05
-2771.778086_3045.402956,0.014056570689599979,0.5236106581872394,0.009623392442281456,0.08455424990768298,0.3274479650106534,0.00017018985822638076,0.008061263990702675,4.6574243889128e-05,4.395079537637886e-05,0.0205017541158615,0.010445282296140038,0.001438148462346596
-2771.778086_3145.402956,5.6854252410809906e-05,0.2750923973918971,0.040348471210415356,0.0600973814434579,0.49581587546587674,0.06586666043121868,4.084582460223541e-05,5.614439573253006e-05,0.010471917526629486,0.03671615759819683,0.002387618165415347,0.013049676294147043
-2771.778086_3245.402956,0.014632972632313005,0.27966001640207716,0.006931781018004191,0.042647659512777096,0.5665799231297055,0.028272378317903597,3.496858307963869e-05,0.031382589607629865,0.002849167480960223,0.006303583042253727,0.006680755297593933,0.014024204975702222
-2771.778086_3345.402956,0.10003393020603378,0.4242647713636268,0.04686257905677045,0.006928448647137581,0.23112273266463754,0.0022132928870240752,0.0006759679790002539,0.05523274891681424,0.04435672816684786,0.05775243013286362,0.005781133922993392,0.02477523605625036
-2771.778086_3445.402956,0.026965340756028945,0.2623437444416471,0.053775869362947266,0.0048356042225891184,0.43713749756629444,0.0038954063814701217,9.194967878056977e-05,0.13273486665426912,4.021370897615959e-05,0.04068145186402299,0.004050270296941492,0.03344778506603284
-2771.778086_3545.402956,0.07447673954796048,0.5028390658571165,0.07499972200554322,0.028732441691083053,0.20773230318479963,6.147192747379809e-05,0.00634811671707667,0.05011198457871269,0.0012162913825464643,8.060699923476554e-05,0.013514366936698505,0.039886889171754356
-2771.778086_3645.402956,0.13882939297107336,0.48341944956731003,0.05561792402087265,0.019760187340125884,0.11722981519336537,0.037917822658138686,4.4134959919631285e-05,0.07965296101099928,0.0003684137215919944,0.023529697210607704,0.005788954712611783,0.037841246633383875
-2771.778086_3745.402956,0.16148283624411539,0.5460308577193004,0.11379621130841135,0.02195223033851574,0.006822883595338638,0.03631662867205622,7.18235141829806e-05,0.0474035702946958,9.95266542584724e-05,5.354155837178128e-05,0.006413678853773763,0.05955621124697959
-2771.778086_3845.402956,0.1699941557721632,0.4538992706431988,5.9987792089839465e-05,0.061101372118047545,0.09859138991041223,0.036287981807947435,0.029689835743165423,0.01768050910196217,0.00274539632094042,0.10153103375049677,0.009109542055934944,0.019309524983641375
-2771.778086_3945.402956,0.016130379743652886,0.2321699396983748,0.0019144559116744608,0.1095679522625548,0.006929192757908327,0.00850064102798829,6.631807826964676e-05,0.06144335158553799,0.017019467313323093,0.05244301418881292,0.4534500485108393,0.04036523892106329
-2771.778086_4045.402956,2.7622884245165507e-05,0.0076791514337933445,0.009641473861344941,0.0016218897248217155,0.0037222117929443833,0.0036643018636852475,0.009135911599068732,2.7754436915437215e-05,3.721407389079136e-05,0.02860535952044442,0.9358115263917437,2.5582417102033888e-05
-2771.778086_4145.402956,3.105506709454034e-05,0.07939301774802492,0.03196392717585161,3.130243517166673e-05,5.867788224000993e-05,3.796471107439448e-05,0.0055947563490505595,0.0025997421488553516,4.243841456722792e-05,0.06579398167942897,0.8144243805100951,2.8755878545523784e-05
-2771.778086_4245.402956,0.007044557491292921,0.947848503379905,6.449095781079621e-05,4.717380196038135e-05,4.794211916920189e-05,0.02387429909636997,0.0038877858539103946,4.700839163561059e-05,6.329405636309385e-05,5.974379150154753e-05,0.009892842875115056,0.007122358184965937
-2871.778086_2745.402956,0.6075217594513356,0.03811784236727012,4.3600436646733794e-05,0.0430102546516393,0.048835677020610334,7.896028204288115e-05,0.007116682533636441,0.1422284233804078,5.1544482317896234e-05,0.02074302338897831,0.004003131627757477,0.08824910037735721
-2871.778086_2845.402956,0.39447679346911224,0.04716924464618662,0.005379784611175836,4.5866940351497534e-05,0.3391382923685455,0.066916276035496,0.0001086193963064778,0.07122815065000532,0.00045176416040713474,0.01637882298000896,0.03106402493527394,0.027642359807130562
